biquad1,
b0=0.976715918597574,
b1=-1.976666549865874,
b2=1.000000000000000,
a1=1.976666549865874,
a2=-0.976715918597574,
biquad2,
b0=0.999613325341118,
b1=-1.998360449867909,
b2=0.998836294685696,
a1=1.998360449867909,
a2=-0.998449620026814,
biquad3,
b0=0.999710262868671,
b1=-1.998004201775301,
b2=0.998299387709203,
a1=1.998004201775301,
a2=-0.998009650577873,
biquad4,
b0=0.999710348568862,
b1=-1.998814187376176,
b2=0.999128287929451,
a1=1.998814187376176,
a2=-0.998838636498313
