biquad1,
b0=0.944748904193232,
b1=-1.944410581869381,
b2=1.000000000000000,
a1=1.944410581869381,
a2=-0.944748904193232,
biquad2,
b0=0.999827807575499,
b1=-1.999291915906419,
b2=0.999481783359601,
a1=1.999291915906419,
a2=-0.999309590935100,
biquad3,
b0=0.999817536328665,
b1=-1.998737847235610,
b2=0.998992906102388,
a1=1.998737847235610,
a2=-0.998810442431053,
biquad4,
b0=0.999566797032497,
b1=-1.998247320633042,
b2=0.998696266791156,
a1=1.998247320633042,
a2=-0.998263063823652
