biquad1,
b0=0.976962616858423,
b1=-1.976914294775440,
b2=1.000000000000000,
a1=1.976914294775440,
a2=-0.976962616858423,
biquad2,
b0=0.999701182497353,
b1=-1.998006202683250,
b2=0.998309652633434,
a1=1.998006202683250,
a2=-0.998010835130787,
biquad3,
b0=0.999608750680829,
b1=-1.998339984389153,
b2=0.998822527159633,
a1=1.998339984389153,
a2=-0.998431277840462,
biquad4,
b0=0.999700034348760,
b1=-1.998772658876768,
b2=0.999097247230306,
a1=1.998772658876768,
a2=-0.998797281579065
