biquad1,
b0=0.945559073832567,
b1=-1.945220602796997,
b2=1.000000000000000,
a1=1.945220602796997,
a2=-0.945559073832567,
biquad2,
b0=0.999595844108725,
b1=-1.998363642683476,
b2=0.998783684556368,
a1=1.998363642683476,
a2=-0.998379528665092,
biquad3,
b0=0.999827929704403,
b1=-1.999292430598444,
b2=0.999482150919455,
a1=1.999292430598444,
a2=-0.999310080623858,
biquad4,
b0=0.999802789757472,
b1=-1.998722282659372,
b2=0.998991834184037,
a1=1.998722282659372,
a2=-0.998794623941509
